
! This is a special input file for Elk which generates the default species
! files. No task is required: the code generates the file as soon as it
! encounters a 'species' block. Note the masses are the 'standard atomic weight'
! and are in relative atomic mass units (i.e. multiples of 1/12 times the mass
! of carbon-12); taken from J. S. Coursey, D. J. Schwab, and R. A. Dragoset
! (2005), Atomic Weights and Isotopic Compositions (version 2.4.1).

species
  1                     : atomic number
 'H' 'hydrogen'         : symbol, name
  1.00794               : standard atomic weight (units of 1/12 carbon-12)
  1.4                   : muffin-tin radius
  1                     : number of occupied states
  1  0  1  1            : n, l, k, occupancy for each state

species
  2
 'He' 'helium'
  4.002602
  1.4
  1
  1  0  1  2

species
  3
 'Li' 'lithium'
  6.941
  1.8
  2
  1  0  1  2
  2  0  1  1

species
  4
 'Be' 'beryllium'
  9.012182
  1.8
  2
  1  0  1  2
  2  0  1  2

species
  5
 'B' 'boron'
  10.811
  1.8
  3
  1  0  1  2
  2  0  1  2
  2  1  1  1

species
  6
 'C' 'carbon'
  12.0107
  1.8
  4
  1  0  1  2
  2  0  1  2
  2  1  1  1
  2  1  2  1

species
  7
 'N' 'nitrogen'
  14.0067
  1.8
  4
  1  0  1  2
  2  0  1  2
  2  1  1  1
  2  1  2  2

species
  8
 'O' 'oxygen'
  15.9994
  1.8
  4
  1  0  1  2
  2  0  1  2
  2  1  1  2
  2  1  2  2

species
  9
 'F' 'fluorine'
  18.9984032
  2.0
  4
  1  0  1  2
  2  0  1  2
  2  1  1  2
  2  1  2  3

species
  10
 'Ne' 'neon'
  20.1797
  1.6
  4
  1  0  1  2
  2  0  1  2
  2  1  1  2
  2  1  2  4

species
  11
 'Na' 'sodium'
  22.989770
  2.2
  5
  1  0  1  2
  2  0  1  2
  2  1  1  2
  2  1  2  4
  3  0  1  1

species
  12
 'Mg' 'magnesium'
  24.3050
  2.2
  5
  1  0  1  2
  2  0  1  2
  2  1  1  2
  2  1  2  4
  3  0  1  2

species
  13
 'Al' 'aluminium'
  26.981538
  2.2
  6
  1  0  1  2
  2  0  1  2
  2  1  1  2
  2  1  2  4
  3  0  1  2
  3  1  1  1

species
  14
 'Si' 'silicon'
  28.0855
  2.2
  7
  1  0  1  2
  2  0  1  2
  2  1  1  2
  2  1  2  4
  3  0  1  2
  3  1  1  1
  3  1  2  1

species
  15
 'P' 'phosphorus'
  30.973761
  2.2
  7
  1  0  1  2
  2  0  1  2
  2  1  1  2
  2  1  2  4
  3  0  1  2
  3  1  1  1
  3  1  2  2

species
  16
 'S' 'sulphur'
  32.065
  2.2
  7
  1  0  1  2
  2  0  1  2
  2  1  1  2
  2  1  2  4
  3  0  1  2
  3  1  1  2
  3  1  2  2

species
  17
 'Cl' 'chlorine'
  35.453
  2.2
  7
  1  0  1  2
  2  0  1  2
  2  1  1  2
  2  1  2  4
  3  0  1  2
  3  1  1  2
  3  1  2  3

species
  18
 'Ar' 'argon'
  39.948
  2.0
  7
  1  0  1  2
  2  0  1  2
  2  1  1  2
  2  1  2  4
  3  0  1  2
  3  1  1  2
  3  1  2  4

species
  19
 'K' 'potassium'
  39.0983
  2.4
  8
  1  0  1  2
  2  0  1  2
  2  1  1  2
  2  1  2  4
  3  0  1  2
  3  1  1  2
  3  1  2  4
  4  0  1  1

species
  20
 'Ca' 'calcium'
  40.078
  2.4
  8
  1  0  1  2
  2  0  1  2
  2  1  1  2
  2  1  2  4
  3  0  1  2
  3  1  1  2
  3  1  2  4
  4  0  1  2

species
  21
 'Sc' 'scandium'
  44.955910
  2.4
  9
  1  0  1  2
  2  0  1  2
  2  1  1  2
  2  1  2  4
  3  0  1  2
  3  1  1  2
  3  1  2  4
  3  2  2  1
  4  0  1  2

species
  22
 'Ti' 'titanium'
  47.867
  2.4
  9
  1  0  1  2
  2  0  1  2
  2  1  1  2
  2  1  2  4
  3  0  1  2
  3  1  1  2
  3  1  2  4
  3  2  2  2
  4  0  1  2

species
  23
 'V' 'vanadium'
  50.9415
  2.4
  9
  1  0  1  2
  2  0  1  2
  2  1  1  2
  2  1  2  4
  3  0  1  2
  3  1  1  2
  3  1  2  4
  3  2  2  3
  4  0  1  2

species
  24
 'Cr' 'chromium'
  51.9961
  2.4
  10
  1  0  1  2
  2  0  1  2
  2  1  1  2
  2  1  2  4
  3  0  1  2
  3  1  1  2
  3  1  2  4
  3  2  2  3
  3  2  3  2
  4  0  1  1

species
  25
 'Mn' 'manganese'
  54.938049
  2.4
  10
  1  0  1  2
  2  0  1  2
  2  1  1  2
  2  1  2  4
  3  0  1  2
  3  1  1  2
  3  1  2  4
  3  2  2  3
  3  2  3  2
  4  0  1  2

species
  26
 'Fe' 'iron'
  55.845
  2.4
  10
  1  0  1  2
  2  0  1  2
  2  1  1  2
  2  1  2  4
  3  0  1  2
  3  1  1  2
  3  1  2  4
  3  2  2  4
  3  2  3  2
  4  0  1  2

species
  27
 'Co' 'cobalt'
  58.933200
  2.4
  10
  1  0  1  2
  2  0  1  2
  2  1  1  2
  2  1  2  4
  3  0  1  2
  3  1  1  2
  3  1  2  4
  3  2  2  4
  3  2  3  3
  4  0  1  2

species
  28
 'Ni' 'nickel'
  58.6934
  2.4
  10
  1  0  1  2
  2  0  1  2
  2  1  1  2
  2  1  2  4
  3  0  1  2
  3  1  1  2
  3  1  2  4
  3  2  2  4
  3  2  3  4
  4  0  1  2

species
  29
 'Cu' 'copper'
  63.546
  2.4
  10
  1  0  1  2
  2  0  1  2
  2  1  1  2
  2  1  2  4
  3  0  1  2
  3  1  1  2
  3  1  2  4
  3  2  2  4
  3  2  3  6
  4  0  1  1

species
  30
 'Zn' 'zinc'
  65.409
  2.4
  10
  1  0  1  2
  2  0  1  2
  2  1  1  2
  2  1  2  4
  3  0  1  2
  3  1  1  2
  3  1  2  4
  3  2  2  4
  3  2  3  6
  4  0  1  2

species
  31
 'Ga' 'gallium'
  69.723
  2.4
  11
  1  0  1  2
  2  0  1  2
  2  1  1  2
  2  1  2  4
  3  0  1  2
  3  1  1  2
  3  1  2  4
  3  2  2  4
  3  2  3  6
  4  0  1  2
  4  1  1  1

species
  32
 'Ge' 'germanium'
  72.64
  2.4
  12
  1  0  1  2
  2  0  1  2
  2  1  1  2
  2  1  2  4
  3  0  1  2
  3  1  1  2
  3  1  2  4
  3  2  2  4
  3  2  3  6
  4  0  1  2
  4  1  1  1
  4  1  2  1

species
  33
 'As' 'arsenic'
  74.92160
  2.4
  12
  1  0  1  2
  2  0  1  2
  2  1  1  2
  2  1  2  4
  3  0  1  2
  3  1  1  2
  3  1  2  4
  3  2  2  4
  3  2  3  6
  4  0  1  2
  4  1  1  1
  4  1  2  2

species
  34
 'Se' 'selenium'
  78.96
  2.4
  12
  1  0  1  2
  2  0  1  2
  2  1  1  2
  2  1  2  4
  3  0  1  2
  3  1  1  2
  3  1  2  4
  3  2  2  4
  3  2  3  6
  4  0  1  2
  4  1  1  2
  4  1  2  2

species
  35
 'Br' 'bromine'
  79.904
  2.4
  12
  1  0  1  2
  2  0  1  2
  2  1  1  2
  2  1  2  4
  3  0  1  2
  3  1  1  2
  3  1  2  4
  3  2  2  4
  3  2  3  6
  4  0  1  2
  4  1  1  2
  4  1  2  3

species
  36
 'Kr' 'krypton'
  83.798
  2.2
  12
  1  0  1  2
  2  0  1  2
  2  1  1  2
  2  1  2  4
  3  0  1  2
  3  1  1  2
  3  1  2  4
  3  2  2  4
  3  2  3  6
  4  0  1  2
  4  1  1  2
  4  1  2  4

species
  37
 'Rb' 'rubidium'
  85.4678
  2.6
  13
  1  0  1  2
  2  0  1  2
  2  1  1  2
  2  1  2  4
  3  0  1  2
  3  1  1  2
  3  1  2  4
  3  2  2  4
  3  2  3  6
  4  0  1  2
  4  1  1  2
  4  1  2  4
  5  0  1  1

species
  38
 'Sr' 'strontium'
  87.62
  2.6
  13
  1  0  1  2
  2  0  1  2
  2  1  1  2
  2  1  2  4
  3  0  1  2
  3  1  1  2
  3  1  2  4
  3  2  2  4
  3  2  3  6
  4  0  1  2
  4  1  1  2
  4  1  2  4
  5  0  1  2

species
  39
 'Y' 'yttrium'
  88.90585
  2.6
  14
  1  0  1  2
  2  0  1  2
  2  1  1  2
  2  1  2  4
  3  0  1  2
  3  1  1  2
  3  1  2  4
  3  2  2  4
  3  2  3  6
  4  0  1  2
  4  1  1  2
  4  1  2  4
  4  2  2  1
  5  0  1  2

species
  40
 'Zr' 'zirconium'
  91.224
  2.6
  14
  1  0  1  2
  2  0  1  2
  2  1  1  2
  2  1  2  4
  3  0  1  2
  3  1  1  2
  3  1  2  4
  3  2  2  4
  3  2  3  6
  4  0  1  2
  4  1  1  2
  4  1  2  4
  4  2  2  2
  5  0  1  2

species
  41
 'Nb' 'niobium'
  92.90638
  2.6
  15
  1  0  1  2
  2  0  1  2
  2  1  1  2
  2  1  2  4
  3  0  1  2
  3  1  1  2
  3  1  2  4
  3  2  2  4
  3  2  3  6
  4  0  1  2
  4  1  1  2
  4  1  2  4
  4  2  2  3
  4  2  3  1
  5  0  1  1

species
  42
 'Mo' 'molybdenum'
  95.94
  2.6
  15
  1  0  1  2
  2  0  1  2
  2  1  1  2
  2  1  2  4
  3  0  1  2
  3  1  1  2
  3  1  2  4
  3  2  2  4
  3  2  3  6
  4  0  1  2
  4  1  1  2
  4  1  2  4
  4  2  2  3
  4  2  3  2
  5  0  1  1

species
  43
 'Tc' 'technetium'
  98.0
  2.6
  15
  1  0  1  2
  2  0  1  2
  2  1  1  2
  2  1  2  4
  3  0  1  2
  3  1  1  2
  3  1  2  4
  3  2  2  4
  3  2  3  6
  4  0  1  2
  4  1  1  2
  4  1  2  4
  4  2  2  4
  4  2  3  2
  5  0  1  1

species
  44
 'Ru' 'ruthenium'
  101.07
  2.6
  15
  1  0  1  2
  2  0  1  2
  2  1  1  2
  2  1  2  4
  3  0  1  2
  3  1  1  2
  3  1  2  4
  3  2  2  4
  3  2  3  6
  4  0  1  2
  4  1  1  2
  4  1  2  4
  4  2  2  4
  4  2  3  3
  5  0  1  1

species
  45
 'Rh' 'rhodium'
  102.90550
  2.6
  15
  1  0  1  2
  2  0  1  2
  2  1  1  2
  2  1  2  4
  3  0  1  2
  3  1  1  2
  3  1  2  4
  3  2  2  4
  3  2  3  6
  4  0  1  2
  4  1  1  2
  4  1  2  4
  4  2  2  4
  4  2  3  4
  5  0  1  1

species
  46
 'Pd' 'palladium'
  106.42
  2.6
  14
  1  0  1  2
  2  0  1  2
  2  1  1  2
  2  1  2  4
  3  0  1  2
  3  1  1  2
  3  1  2  4
  3  2  2  4
  3  2  3  6
  4  0  1  2
  4  1  1  2
  4  1  2  4
  4  2  2  4
  4  2  3  6

species
  47
 'Ag' 'silver'
  107.8682
  2.6
  15
  1  0  1  2
  2  0  1  2
  2  1  1  2
  2  1  2  4
  3  0  1  2
  3  1  1  2
  3  1  2  4
  3  2  2  4
  3  2  3  6
  4  0  1  2
  4  1  1  2
  4  1  2  4
  4  2  2  4
  4  2  3  6
  5  0  1  1

species
  48
 'Cd' 'cadmium'
  112.411
  2.6
  15
  1  0  1  2
  2  0  1  2
  2  1  1  2
  2  1  2  4
  3  0  1  2
  3  1  1  2
  3  1  2  4
  3  2  2  4
  3  2  3  6
  4  0  1  2
  4  1  1  2
  4  1  2  4
  4  2  2  4
  4  2  3  6
  5  0  1  2

species
  49
 'In' 'indium'
  114.818
  2.6
  16
  1  0  1  2
  2  0  1  2
  2  1  1  2
  2  1  2  4
  3  0  1  2
  3  1  1  2
  3  1  2  4
  3  2  2  4
  3  2  3  6
  4  0  1  2
  4  1  1  2
  4  1  2  4
  4  2  2  4
  4  2  3  6
  5  0  1  2
  5  1  1  1

species
  50
 'Sn' 'tin'
  118.710
  2.6
  17
  1  0  1  2
  2  0  1  2
  2  1  1  2
  2  1  2  4
  3  0  1  2
  3  1  1  2
  3  1  2  4
  3  2  2  4
  3  2  3  6
  4  0  1  2
  4  1  1  2
  4  1  2  4
  4  2  2  4
  4  2  3  6
  5  0  1  2
  5  1  1  1
  5  1  2  1

species
  51
 'Sb' 'antimony'
  121.760
  2.6
  17
  1  0  1  2
  2  0  1  2
  2  1  1  2
  2  1  2  4
  3  0  1  2
  3  1  1  2
  3  1  2  4
  3  2  2  4
  3  2  3  6
  4  0  1  2
  4  1  1  2
  4  1  2  4
  4  2  2  4
  4  2  3  6
  5  0  1  2
  5  1  1  1
  5  1  2  2

species
  52
 'Te' 'tellurium'
  127.60
  2.6
  17
  1  0  1  2
  2  0  1  2
  2  1  1  2
  2  1  2  4
  3  0  1  2
  3  1  1  2
  3  1  2  4
  3  2  2  4
  3  2  3  6
  4  0  1  2
  4  1  1  2
  4  1  2  4
  4  2  2  4
  4  2  3  6
  5  0  1  2
  5  1  1  2
  5  1  2  2

species
  53
 'I' 'iodine'
  126.90447
  2.6
  17
  1  0  1  2
  2  0  1  2
  2  1  1  2
  2  1  2  4
  3  0  1  2
  3  1  1  2
  3  1  2  4
  3  2  2  4
  3  2  3  6
  4  0  1  2
  4  1  1  2
  4  1  2  4
  4  2  2  4
  4  2  3  6
  5  0  1  2
  5  1  1  2
  5  1  2  3

species
  54
 'Xe' 'xenon'
  131.293
  2.4
  17
  1  0  1  2
  2  0  1  2
  2  1  1  2
  2  1  2  4
  3  0  1  2
  3  1  1  2
  3  1  2  4
  3  2  2  4
  3  2  3  6
  4  0  1  2
  4  1  1  2
  4  1  2  4
  4  2  2  4
  4  2  3  6
  5  0  1  2
  5  1  1  2
  5  1  2  4

species
  55
 'Cs' 'caesium'
  132.90545
  2.8
  18
  1  0  1  2
  2  0  1  2
  2  1  1  2
  2  1  2  4
  3  0  1  2
  3  1  1  2
  3  1  2  4
  3  2  2  4
  3  2  3  6
  4  0  1  2
  4  1  1  2
  4  1  2  4
  4  2  2  4
  4  2  3  6
  5  0  1  2
  5  1  1  2
  5  1  2  4
  6  0  1  1

species
  56
 'Ba' 'barium'
  137.327
  2.8
  18
  1  0  1  2
  2  0  1  2
  2  1  1  2
  2  1  2  4
  3  0  1  2
  3  1  1  2
  3  1  2  4
  3  2  2  4
  3  2  3  6
  4  0  1  2
  4  1  1  2
  4  1  2  4
  4  2  2  4
  4  2  3  6
  5  0  1  2
  5  1  1  2
  5  1  2  4
  6  0  1  2

species
  57
 'La' 'lanthanum'
  138.9055
  2.8
  19
  1  0  1  2
  2  0  1  2
  2  1  1  2
  2  1  2  4
  3  0  1  2
  3  1  1  2
  3  1  2  4
  3  2  2  4
  3  2  3  6
  4  0  1  2
  4  1  1  2
  4  1  2  4
  4  2  2  4
  4  2  3  6
  5  0  1  2
  5  1  1  2
  5  1  2  4
  5  2  2  1
  6  0  1  2

species
  58
 'Ce' 'cerium'
  140.116
  2.8
  19
  1  0  1  2
  2  0  1  2
  2  1  1  2
  2  1  2  4
  3  0  1  2
  3  1  1  2
  3  1  2  4
  3  2  2  4
  3  2  3  6
  4  0  1  2
  4  1  1  2
  4  1  2  4
  4  2  2  4
  4  2  3  6
  4  3  3  2
  5  0  1  2
  5  1  1  2
  5  1  2  4
  6  0  1  2

species
  59
 'Pr' 'praseodymium'
  140.90765
  2.8
  19
  1  0  1  2
  2  0  1  2
  2  1  1  2
  2  1  2  4
  3  0  1  2
  3  1  1  2
  3  1  2  4
  3  2  2  4
  3  2  3  6
  4  0  1  2
  4  1  1  2
  4  1  2  4
  4  2  2  4
  4  2  3  6
  4  3  3  3
  5  0  1  2
  5  1  1  2
  5  1  2  4
  6  0  1  2

species
  60
 'Nd' 'neodymium'
  144.24
  2.8
  20
  1  0  1  2
  2  0  1  2
  2  1  1  2
  2  1  2  4
  3  0  1  2
  3  1  1  2
  3  1  2  4
  3  2  2  4
  3  2  3  6
  4  0  1  2
  4  1  1  2
  4  1  2  4
  4  2  2  4
  4  2  3  6
  4  3  3  3
  4  3  4  1
  5  0  1  2
  5  1  1  2
  5  1  2  4
  6  0  1  2

species
  61
 'Pm' 'promethium'
  145.0
  2.8
  20
  1  0  1  2
  2  0  1  2
  2  1  1  2
  2  1  2  4
  3  0  1  2
  3  1  1  2
  3  1  2  4
  3  2  2  4
  3  2  3  6
  4  0  1  2
  4  1  1  2
  4  1  2  4
  4  2  2  4
  4  2  3  6
  4  3  3  3
  4  3  4  2
  5  0  1  2
  5  1  1  2
  5  1  2  4
  6  0  1  2

species
  62
 'Sm' 'samarium'
  150.36
  2.8
  20
  1  0  1  2
  2  0  1  2
  2  1  1  2
  2  1  2  4
  3  0  1  2
  3  1  1  2
  3  1  2  4
  3  2  2  4
  3  2  3  6
  4  0  1  2
  4  1  1  2
  4  1  2  4
  4  2  2  4
  4  2  3  6
  4  3  3  3
  4  3  4  3
  5  0  1  2
  5  1  1  2
  5  1  2  4
  6  0  1  2

species
  63
 'Eu' 'europium'
  151.964
  2.8
  20
  1  0  1  2
  2  0  1  2
  2  1  1  2
  2  1  2  4
  3  0  1  2
  3  1  1  2
  3  1  2  4
  3  2  2  4
  3  2  3  6
  4  0  1  2
  4  1  1  2
  4  1  2  4
  4  2  2  4
  4  2  3  6
  4  3  3  3
  4  3  4  4
  5  0  1  2
  5  1  1  2
  5  1  2  4
  6  0  1  2

species
  64
 'Gd' 'gadolinium'
  157.25
  2.8
  21
  1  0  1  2
  2  0  1  2
  2  1  1  2
  2  1  2  4
  3  0  1  2
  3  1  1  2
  3  1  2  4
  3  2  2  4
  3  2  3  6
  4  0  1  2
  4  1  1  2
  4  1  2  4
  4  2  2  4
  4  2  3  6
  4  3  3  3
  4  3  4  4
  5  0  1  2
  5  1  1  2
  5  1  2  4
  5  2  2  1
  6  0  1  2

species
  65
 'Tb' 'terbium'
  158.92534
  2.8
  20
  1  0  1  2
  2  0  1  2
  2  1  1  2
  2  1  2  4
  3  0  1  2
  3  1  1  2
  3  1  2  4
  3  2  2  4
  3  2  3  6
  4  0  1  2
  4  1  1  2
  4  1  2  4
  4  2  2  4
  4  2  3  6
  4  3  3  5
  4  3  4  4
  5  0  1  2
  5  1  1  2
  5  1  2  4
  6  0  1  2

species
  66
 'Dy' 'dysprosium'
  162.500
  2.8
  20
  1  0  1  2
  2  0  1  2
  2  1  1  2
  2  1  2  4
  3  0  1  2
  3  1  1  2
  3  1  2  4
  3  2  2  4
  3  2  3  6
  4  0  1  2
  4  1  1  2
  4  1  2  4
  4  2  2  4
  4  2  3  6
  4  3  3  6
  4  3  4  4
  5  0  1  2
  5  1  1  2
  5  1  2  4
  6  0  1  2

species
  67
 'Ho' 'holmium'
  164.93032
  2.8
  20
  1  0  1  2
  2  0  1  2
  2  1  1  2
  2  1  2  4
  3  0  1  2
  3  1  1  2
  3  1  2  4
  3  2  2  4
  3  2  3  6
  4  0  1  2
  4  1  1  2
  4  1  2  4
  4  2  2  4
  4  2  3  6
  4  3  3  6
  4  3  4  5
  5  0  1  2
  5  1  1  2
  5  1  2  4
  6  0  1  2

species
  68
 'Er' 'erbium'
  167.259
  2.8
  20
  1  0  1  2
  2  0  1  2
  2  1  1  2
  2  1  2  4
  3  0  1  2
  3  1  1  2
  3  1  2  4
  3  2  2  4
  3  2  3  6
  4  0  1  2
  4  1  1  2
  4  1  2  4
  4  2  2  4
  4  2  3  6
  4  3  3  6
  4  3  4  6
  5  0  1  2
  5  1  1  2
  5  1  2  4
  6  0  1  2

species
  69
 'Tm' 'thulium'
  168.93421
  2.8
  20
  1  0  1  2
  2  0  1  2
  2  1  1  2
  2  1  2  4
  3  0  1  2
  3  1  1  2
  3  1  2  4
  3  2  2  4
  3  2  3  6
  4  0  1  2
  4  1  1  2
  4  1  2  4
  4  2  2  4
  4  2  3  6
  4  3  3  6
  4  3  4  7
  5  0  1  2
  5  1  1  2
  5  1  2  4
  6  0  1  2

species
  70
 'Yb' 'ytterbium'
  173.04
  2.8
  20
  1  0  1  2
  2  0  1  2
  2  1  1  2
  2  1  2  4
  3  0  1  2
  3  1  1  2
  3  1  2  4
  3  2  2  4
  3  2  3  6
  4  0  1  2
  4  1  1  2
  4  1  2  4
  4  2  2  4
  4  2  3  6
  4  3  3  6
  4  3  4  8
  5  0  1  2
  5  1  1  2
  5  1  2  4
  6  0  1  2

species
  71
 'Lu' 'lutetium'
  174.967
  2.8
  21
  1  0  1  2
  2  0  1  2
  2  1  1  2
  2  1  2  4
  3  0  1  2
  3  1  1  2
  3  1  2  4
  3  2  2  4
  3  2  3  6
  4  0  1  2
  4  1  1  2
  4  1  2  4
  4  2  2  4
  4  2  3  6
  4  3  3  6
  4  3  4  8
  5  0  1  2
  5  1  1  2
  5  1  2  4
  5  2  2  1
  6  0  1  2

species
  72
 'Hf' 'hafnium'
  178.49
  2.8
  21
  1  0  1  2
  2  0  1  2
  2  1  1  2
  2  1  2  4
  3  0  1  2
  3  1  1  2
  3  1  2  4
  3  2  2  4
  3  2  3  6
  4  0  1  2
  4  1  1  2
  4  1  2  4
  4  2  2  4
  4  2  3  6
  4  3  3  6
  4  3  4  8
  5  0  1  2
  5  1  1  2
  5  1  2  4
  5  2  2  2
  6  0  1  2

species
  73
 'Ta' 'tantalum'
  180.9479
  2.8
  21
  1  0  1  2
  2  0  1  2
  2  1  1  2
  2  1  2  4
  3  0  1  2
  3  1  1  2
  3  1  2  4
  3  2  2  4
  3  2  3  6
  4  0  1  2
  4  1  1  2
  4  1  2  4
  4  2  2  4
  4  2  3  6
  4  3  3  6
  4  3  4  8
  5  0  1  2
  5  1  1  2
  5  1  2  4
  5  2  2  3
  6  0  1  2

species
  74
 'W' 'tungsten'
  183.84
  2.8
  22
  1  0  1  2
  2  0  1  2
  2  1  1  2
  2  1  2  4
  3  0  1  2
  3  1  1  2
  3  1  2  4
  3  2  2  4
  3  2  3  6
  4  0  1  2
  4  1  1  2
  4  1  2  4
  4  2  2  4
  4  2  3  6
  4  3  3  6
  4  3  4  8
  5  0  1  2
  5  1  1  2
  5  1  2  4
  5  2  2  3
  5  2  3  1
  6  0  1  2

species
  75
 'Re' 'rhenium'
  186.207
  2.8
  22
  1  0  1  2
  2  0  1  2
  2  1  1  2
  2  1  2  4
  3  0  1  2
  3  1  1  2
  3  1  2  4
  3  2  2  4
  3  2  3  6
  4  0  1  2
  4  1  1  2
  4  1  2  4
  4  2  2  4
  4  2  3  6
  4  3  3  6
  4  3  4  8
  5  0  1  2
  5  1  1  2
  5  1  2  4
  5  2  2  3
  5  2  3  2
  6  0  1  2

species
  76
 'Os' 'osmium'
  190.23
  2.8
  22
  1  0  1  2
  2  0  1  2
  2  1  1  2
  2  1  2  4
  3  0  1  2
  3  1  1  2
  3  1  2  4
  3  2  2  4
  3  2  3  6
  4  0  1  2
  4  1  1  2
  4  1  2  4
  4  2  2  4
  4  2  3  6
  4  3  3  6
  4  3  4  8
  5  0  1  2
  5  1  1  2
  5  1  2  4
  5  2  2  4
  5  2  3  2
  6  0  1  2

species
  77
 'Ir' 'iridium'
  192.217
  2.8
  22
  1  0  1  2
  2  0  1  2
  2  1  1  2
  2  1  2  4
  3  0  1  2
  3  1  1  2
  3  1  2  4
  3  2  2  4
  3  2  3  6
  4  0  1  2
  4  1  1  2
  4  1  2  4
  4  2  2  4
  4  2  3  6
  4  3  3  6
  4  3  4  8
  5  0  1  2
  5  1  1  2
  5  1  2  4
  5  2  2  4
  5  2  3  3
  6  0  1  2

species
  78
 'Pt' 'platinum'
  195.078
  2.8
  22
  1  0  1  2
  2  0  1  2
  2  1  1  2
  2  1  2  4
  3  0  1  2
  3  1  1  2
  3  1  2  4
  3  2  2  4
  3  2  3  6
  4  0  1  2
  4  1  1  2
  4  1  2  4
  4  2  2  4
  4  2  3  6
  4  3  3  6
  4  3  4  8
  5  0  1  2
  5  1  1  2
  5  1  2  4
  5  2  2  4
  5  2  3  5
  6  0  1  1

species
  79
 'Au' 'gold'
  196.96655
  2.8
  22
  1  0  1  2
  2  0  1  2
  2  1  1  2
  2  1  2  4
  3  0  1  2
  3  1  1  2
  3  1  2  4
  3  2  2  4
  3  2  3  6
  4  0  1  2
  4  1  1  2
  4  1  2  4
  4  2  2  4
  4  2  3  6
  4  3  3  6
  4  3  4  8
  5  0  1  2
  5  1  1  2
  5  1  2  4
  5  2  2  4
  5  2  3  6
  6  0  1  1

species
  80
 'Hg' 'mercury'
  200.59
  2.8
  22
  1  0  1  2
  2  0  1  2
  2  1  1  2
  2  1  2  4
  3  0  1  2
  3  1  1  2
  3  1  2  4
  3  2  2  4
  3  2  3  6
  4  0  1  2
  4  1  1  2
  4  1  2  4
  4  2  2  4
  4  2  3  6
  4  3  3  6
  4  3  4  8
  5  0  1  2
  5  1  1  2
  5  1  2  4
  5  2  2  4
  5  2  3  6
  6  0  1  2

species
  81
 'Tl' 'thallium'
  204.3833
  2.8
  23
  1  0  1  2
  2  0  1  2
  2  1  1  2
  2  1  2  4
  3  0  1  2
  3  1  1  2
  3  1  2  4
  3  2  2  4
  3  2  3  6
  4  0  1  2
  4  1  1  2
  4  1  2  4
  4  2  2  4
  4  2  3  6
  4  3  3  6
  4  3  4  8
  5  0  1  2
  5  1  1  2
  5  1  2  4
  5  2  2  4
  5  2  3  6
  6  0  1  2
  6  1  1  1

species
  82
 'Pb' 'lead'
  207.2
  2.8
  24
  1  0  1  2
  2  0  1  2
  2  1  1  2
  2  1  2  4
  3  0  1  2
  3  1  1  2
  3  1  2  4
  3  2  2  4
  3  2  3  6
  4  0  1  2
  4  1  1  2
  4  1  2  4
  4  2  2  4
  4  2  3  6
  4  3  3  6
  4  3  4  8
  5  0  1  2
  5  1  1  2
  5  1  2  4
  5  2  2  4
  5  2  3  6
  6  0  1  2
  6  1  1  1
  6  1  2  1

species
  83
 'Bi' 'bismuth'
  208.98038
  2.8
  24
  1  0  1  2
  2  0  1  2
  2  1  1  2
  2  1  2  4
  3  0  1  2
  3  1  1  2
  3  1  2  4
  3  2  2  4
  3  2  3  6
  4  0  1  2
  4  1  1  2
  4  1  2  4
  4  2  2  4
  4  2  3  6
  4  3  3  6
  4  3  4  8
  5  0  1  2
  5  1  1  2
  5  1  2  4
  5  2  2  4
  5  2  3  6
  6  0  1  2
  6  1  1  1
  6  1  2  2

species
  84
 'Po' 'polonium'
  209.0
  2.8
  24
  1  0  1  2
  2  0  1  2
  2  1  1  2
  2  1  2  4
  3  0  1  2
  3  1  1  2
  3  1  2  4
  3  2  2  4
  3  2  3  6
  4  0  1  2
  4  1  1  2
  4  1  2  4
  4  2  2  4
  4  2  3  6
  4  3  3  6
  4  3  4  8
  5  0  1  2
  5  1  1  2
  5  1  2  4
  5  2  2  4
  5  2  3  6
  6  0  1  2
  6  1  1  2
  6  1  2  2

species
  85
 'At' 'astatine'
  210.0
  2.8
  24
  1  0  1  2
  2  0  1  2
  2  1  1  2
  2  1  2  4
  3  0  1  2
  3  1  1  2
  3  1  2  4
  3  2  2  4
  3  2  3  6
  4  0  1  2
  4  1  1  2
  4  1  2  4
  4  2  2  4
  4  2  3  6
  4  3  3  6
  4  3  4  8
  5  0  1  2
  5  1  1  2
  5  1  2  4
  5  2  2  4
  5  2  3  6
  6  0  1  2
  6  1  1  2
  6  1  2  3

species
  86
 'Rn' 'radon'
  222.0
  2.6
  24
  1  0  1  2
  2  0  1  2
  2  1  1  2
  2  1  2  4
  3  0  1  2
  3  1  1  2
  3  1  2  4
  3  2  2  4
  3  2  3  6
  4  0  1  2
  4  1  1  2
  4  1  2  4
  4  2  2  4
  4  2  3  6
  4  3  3  6
  4  3  4  8
  5  0  1  2
  5  1  1  2
  5  1  2  4
  5  2  2  4
  5  2  3  6
  6  0  1  2
  6  1  1  2
  6  1  2  4

species
  87
 'Fr' 'francium'
  223.0
  3.0
  25
  1  0  1  2
  2  0  1  2
  2  1  1  2
  2  1  2  4
  3  0  1  2
  3  1  1  2
  3  1  2  4
  3  2  2  4
  3  2  3  6
  4  0  1  2
  4  1  1  2
  4  1  2  4
  4  2  2  4
  4  2  3  6
  4  3  3  6
  4  3  4  8
  5  0  1  2
  5  1  1  2
  5  1  2  4
  5  2  2  4
  5  2  3  6
  6  0  1  2
  6  1  1  2
  6  1  2  4
  7  0  1  1

species
  88
 'Ra' 'radium'
  226.0
  3.0
  25
  1  0  1  2
  2  0  1  2
  2  1  1  2
  2  1  2  4
  3  0  1  2
  3  1  1  2
  3  1  2  4
  3  2  2  4
  3  2  3  6
  4  0  1  2
  4  1  1  2
  4  1  2  4
  4  2  2  4
  4  2  3  6
  4  3  3  6
  4  3  4  8
  5  0  1  2
  5  1  1  2
  5  1  2  4
  5  2  2  4
  5  2  3  6
  6  0  1  2
  6  1  1  2
  6  1  2  4
  7  0  1  2

species
  89
 'Ac' 'actinium'
  227.0
  3.0
  26
  1  0  1  2
  2  0  1  2
  2  1  1  2
  2  1  2  4
  3  0  1  2
  3  1  1  2
  3  1  2  4
  3  2  2  4
  3  2  3  6
  4  0  1  2
  4  1  1  2
  4  1  2  4
  4  2  2  4
  4  2  3  6
  4  3  3  6
  4  3  4  8
  5  0  1  2
  5  1  1  2
  5  1  2  4
  5  2  2  4
  5  2  3  6
  6  0  1  2
  6  1  1  2
  6  1  2  4
  6  2  2  1
  7  0  1  2

species
  90
 'Th' 'thorium'
  232.0381
  3.0
  26
  1  0  1  2
  2  0  1  2
  2  1  1  2
  2  1  2  4
  3  0  1  2
  3  1  1  2
  3  1  2  4
  3  2  2  4
  3  2  3  6
  4  0  1  2
  4  1  1  2
  4  1  2  4
  4  2  2  4
  4  2  3  6
  4  3  3  6
  4  3  4  8
  5  0  1  2
  5  1  1  2
  5  1  2  4
  5  2  2  4
  5  2  3  6
  6  0  1  2
  6  1  1  2
  6  1  2  4
  6  2  2  2
  7  0  1  2

species
  91
 'Pa' 'protactinium'
  231.03588
  3.0
  27
  1  0  1  2
  2  0  1  2
  2  1  1  2
  2  1  2  4
  3  0  1  2
  3  1  1  2
  3  1  2  4
  3  2  2  4
  3  2  3  6
  4  0  1  2
  4  1  1  2
  4  1  2  4
  4  2  2  4
  4  2  3  6
  4  3  3  6
  4  3  4  8
  5  0  1  2
  5  1  1  2
  5  1  2  4
  5  2  2  4
  5  2  3  6
  5  3  3  2
  6  0  1  2
  6  1  1  2
  6  1  2  4
  6  2  2  1
  7  0  1  2

species
  92
 'U' 'uranium'
  238.02891
  3.0
  27
  1  0  1  2
  2  0  1  2
  2  1  1  2
  2  1  2  4
  3  0  1  2
  3  1  1  2
  3  1  2  4
  3  2  2  4
  3  2  3  6
  4  0  1  2
  4  1  1  2
  4  1  2  4
  4  2  2  4
  4  2  3  6
  4  3  3  6
  4  3  4  8
  5  0  1  2
  5  1  1  2
  5  1  2  4
  5  2  2  4
  5  2  3  6
  5  3  3  3
  6  0  1  2
  6  1  1  2
  6  1  2  4
  6  2  2  1
  7  0  1  2

species
  93
 'Np' 'neptunium'
  237.0
  3.0
  28
  1  0  1  2
  2  0  1  2
  2  1  1  2
  2  1  2  4
  3  0  1  2
  3  1  1  2
  3  1  2  4
  3  2  2  4
  3  2  3  6
  4  0  1  2
  4  1  1  2
  4  1  2  4
  4  2  2  4
  4  2  3  6
  4  3  3  6
  4  3  4  8
  5  0  1  2
  5  1  1  2
  5  1  2  4
  5  2  2  4
  5  2  3  6
  5  3  3  3
  5  3  4  1
  6  0  1  2
  6  1  1  2
  6  1  2  4
  6  2  2  1
  7  0  1  2

species
  94
 'Pu' 'plutonium'
  244.0
  3.0
  27
  1  0  1  2
  2  0  1  2
  2  1  1  2
  2  1  2  4
  3  0  1  2
  3  1  1  2
  3  1  2  4
  3  2  2  4
  3  2  3  6
  4  0  1  2
  4  1  1  2
  4  1  2  4
  4  2  2  4
  4  2  3  6
  4  3  3  6
  4  3  4  8
  5  0  1  2
  5  1  1  2
  5  1  2  4
  5  2  2  4
  5  2  3  6
  5  3  3  3
  5  3  4  3
  6  0  1  2
  6  1  1  2
  6  1  2  4
  7  0  1  2

species
  95
 'Am' 'americium'
  243.0
  3.0
  27
  1  0  1  2
  2  0  1  2
  2  1  1  2
  2  1  2  4
  3  0  1  2
  3  1  1  2
  3  1  2  4
  3  2  2  4
  3  2  3  6
  4  0  1  2
  4  1  1  2
  4  1  2  4
  4  2  2  4
  4  2  3  6
  4  3  3  6
  4  3  4  8
  5  0  1  2
  5  1  1  2
  5  1  2  4
  5  2  2  4
  5  2  3  6
  5  3  3  3
  5  3  4  4
  6  0  1  2
  6  1  1  2
  6  1  2  4
  7  0  1  2

species
  96
 'Cm' 'curium'
  247.0
  3.0
  28
  1  0  1  2
  2  0  1  2
  2  1  1  2
  2  1  2  4
  3  0  1  2
  3  1  1  2
  3  1  2  4
  3  2  2  4
  3  2  3  6
  4  0  1  2
  4  1  1  2
  4  1  2  4
  4  2  2  4
  4  2  3  6
  4  3  3  6
  4  3  4  8
  5  0  1  2
  5  1  1  2
  5  1  2  4
  5  2  2  4
  5  2  3  6
  5  3  3  3
  5  3  4  4
  6  0  1  2
  6  1  1  2
  6  1  2  4
  6  2  2  1
  7  0  1  2

species
  97
 'Bk' 'berkelium'
  247.0
  3.0
  27
  1  0  1  2
  2  0  1  2
  2  1  1  2
  2  1  2  4
  3  0  1  2
  3  1  1  2
  3  1  2  4
  3  2  2  4
  3  2  3  6
  4  0  1  2
  4  1  1  2
  4  1  2  4
  4  2  2  4
  4  2  3  6
  4  3  3  6
  4  3  4  8
  5  0  1  2
  5  1  1  2
  5  1  2  4
  5  2  2  4
  5  2  3  6
  5  3  3  5
  5  3  4  4
  6  0  1  2
  6  1  1  2
  6  1  2  4
  7  0  1  2

species
  98
 'Cf' 'californium'
  251.0
  3.0
  27
  1  0  1  2
  2  0  1  2
  2  1  1  2
  2  1  2  4
  3  0  1  2
  3  1  1  2
  3  1  2  4
  3  2  2  4
  3  2  3  6
  4  0  1  2
  4  1  1  2
  4  1  2  4
  4  2  2  4
  4  2  3  6
  4  3  3  6
  4  3  4  8
  5  0  1  2
  5  1  1  2
  5  1  2  4
  5  2  2  4
  5  2  3  6
  5  3  3  6
  5  3  4  4
  6  0  1  2
  6  1  1  2
  6  1  2  4
  7  0  1  2

species
  99
 'Es' 'einsteinium'
  252.0
  3.0
  27
  1  0  1  2
  2  0  1  2
  2  1  1  2
  2  1  2  4
  3  0  1  2
  3  1  1  2
  3  1  2  4
  3  2  2  4
  3  2  3  6
  4  0  1  2
  4  1  1  2
  4  1  2  4
  4  2  2  4
  4  2  3  6
  4  3  3  6
  4  3  4  8
  5  0  1  2
  5  1  1  2
  5  1  2  4
  5  2  2  4
  5  2  3  6
  5  3  3  6
  5  3  4  5
  6  0  1  2
  6  1  1  2
  6  1  2  4
  7  0  1  2

species
 100
 'Fm' 'fermium'
  257.0
  3.0
  27
  1  0  1  2
  2  0  1  2
  2  1  1  2
  2  1  2  4
  3  0  1  2
  3  1  1  2
  3  1  2  4
  3  2  2  4
  3  2  3  6
  4  0  1  2
  4  1  1  2
  4  1  2  4
  4  2  2  4
  4  2  3  6
  4  3  3  6
  4  3  4  8
  5  0  1  2
  5  1  1  2
  5  1  2  4
  5  2  2  4
  5  2  3  6
  5  3  3  6
  5  3  4  6
  6  0  1  2
  6  1  1  2
  6  1  2  4
  7  0  1  2

species
 101
 'Md' 'mendelevium'
  258.0
  3.0
  27
  1  0  1  2
  2  0  1  2
  2  1  1  2
  2  1  2  4
  3  0  1  2
  3  1  1  2
  3  1  2  4
  3  2  2  4
  3  2  3  6
  4  0  1  2
  4  1  1  2
  4  1  2  4
  4  2  2  4
  4  2  3  6
  4  3  3  6
  4  3  4  8
  5  0  1  2
  5  1  1  2
  5  1  2  4
  5  2  2  4
  5  2  3  6
  5  3  3  6
  5  3  4  7
  6  0  1  2
  6  1  1  2
  6  1  2  4
  7  0  1  2

species
 102
 'No' 'nobelium'
  259.0
  3.0
  27
  1  0  1  2
  2  0  1  2
  2  1  1  2
  2  1  2  4
  3  0  1  2
  3  1  1  2
  3  1  2  4
  3  2  2  4
  3  2  3  6
  4  0  1  2
  4  1  1  2
  4  1  2  4
  4  2  2  4
  4  2  3  6
  4  3  3  6
  4  3  4  8
  5  0  1  2
  5  1  1  2
  5  1  2  4
  5  2  2  4
  5  2  3  6
  5  3  3  6
  5  3  4  8
  6  0  1  2
  6  1  1  2
  6  1  2  4
  7  0  1  2

species
 103
 'Lr' 'lawrencium'
  262.0
  3.0
  28
  1  0  1  2
  2  0  1  2
  2  1  1  2
  2  1  2  4
  3  0  1  2
  3  1  1  2
  3  1  2  4
  3  2  2  4
  3  2  3  6
  4  0  1  2
  4  1  1  2
  4  1  2  4
  4  2  2  4
  4  2  3  6
  4  3  3  6
  4  3  4  8
  5  0  1  2
  5  1  1  2
  5  1  2  4
  5  2  2  4
  5  2  3  6
  5  3  3  6
  5  3  4  8
  6  0  1  2
  6  1  1  2
  6  1  2  4
  6  2  2  1
  7  0  1  2

species
 104
 'Rf' 'rutherfordium'
  261.0
  3.0
  28
  1  0  1  2
  2  0  1  2
  2  1  1  2
  2  1  2  4
  3  0  1  2
  3  1  1  2
  3  1  2  4
  3  2  2  4
  3  2  3  6
  4  0  1  2
  4  1  1  2
  4  1  2  4
  4  2  2  4
  4  2  3  6
  4  3  3  6
  4  3  4  8
  5  0  1  2
  5  1  1  2
  5  1  2  4
  5  2  2  4
  5  2  3  6
  5  3  3  6
  5  3  4  8
  6  0  1  2
  6  1  1  2
  6  1  2  4
  6  2  2  2
  7  0  1  2

