Crossection data for elements, E=1486eV
ATOM=Xx 
1.00E-0, 1.00E-0, 1.00E-0, 1.0     
ATOM=Es 
0.00E-0, 0.00E-0, 0.00E-0, 0.0     
ATOM=Ag 
0.29E-3, 0.77E-3, 0.21E-1, 0.0     
ATOM=Al 
0.78E-3, 0.59E-4, 0.53E-4, 0.0     
ATOM=Bi 
0.13E-2, 0.13E-2, 0.72E-3, 0.3632  
ATOM=Ti 
0.50E-3, 0.74E-3, 0.17E-3, 0.0     
ATOM=V
0.51E-3, 0.74E-3, 0.42E-3, 0.0     
ATOM=Cr 
0.18E-3, 0.74E-3, 0.88E-3, 0.0     
ATOM=Mn 
0.58E-3, 0.74E-3, 0.14E-2, 0.0     
ATOM=Fe 
0.70E-3, 0.74E-3, 0.22E-2, 0.0     
ATOM=Co 
0.71E-3, 0.74E-3, 0.37E-2, 0.0     
ATOM=Ni 
0.83E-3, 0.74E-3, 0.59E-2, 0.0     
ATOM=Cu 
0.27E-3, 0.74E-3, 0.12E-1, 0.0
ATOM=La
0.29E-3, 0.21E-3, 0.76E-3, 0.22E-2     
ATOM=Ce 
0.31E-3, 0.21E-3, 0.94E-3, 0.22E-2 
ATOM=Gd 
0.43E-3, 0.21E-3, 0.94E-3, 0.21E-1 
ATOM=Tb 
0.36E-3, 0.21E-3, 0.94E-3, 0.29E-1 
ATOM=Dy 
0.31E-3, 0.21E-3, 0.94E-3, 0.37E-1 
ATOM=Ho 
0.27E-3, 0.21E-3, 0.94E-3, 0.46E-1 
ATOM=Ge 
0.15E-2, 0.75E-3, 0.19E-1, 0.0 
ATOM=Ga 
0.12E-2, 0.74E-3, 0.45E-3, 0.0 
ATOM=In 
0.10E-2, 0.77E-3, 0.94E-3, 0.0     
ATOM=Pb 
0.11E-2, 0.61E-3, 0.72E-3, 0.3330  
ATOM=Pd 
0.29E-3, 0.77E-3, 0.16E-1, 0.0     
ATOM=Sb 
0.14E-2, 0.16E-2, 0.76E-3, 0.0     
ATOM=Si 
0.10E-2, 0.17E-3, 0.53E-4, 0.0     
ATOM=Sn 
0.12E-2, 0.77E-3, 0.76E-3, 0.0     
ATOM=Y
0.48E-3, 0.77E-3, 0.45E-3, 0.0     
ATOM=Bi
0.13E-2, 0.14E-2, 0.43E-1, 0.3632  
ATOM=Rh
0.23E-3, 0.77e-3, 0.12e-1, 0
ATOM=Ir
0.58e-3, 0.21e-3, 0.16e-1, 0
ATOM=Eu                                                                                                                                                      
0.35e-3, 0.11e-1, 0.94e-3, 0.17e-1  